normal;concurrent
3.62405;0.911554
3.35371;8.4373
3.40112;1.40611
3.53625;1.21659
3.98587;1.30839
7.8878;1.66542
4.42626;1.41897
3.57642;3.42388
4.09283;1.72331
10.0461;1.28141
3.76139;0.951513
3.5588;3.46583
4.93127;1.08033
2.41849;1.09376
3.29516;1.07047
3.3572;1.10701
2.72297;0.990772
2.62399;1.44474
3.10742;1.27733
3.73138;1.19047
5.12673;6.91901
3.11514;1.19012
2.3864;1.39193
3.68658;1.32911
3.26745;3.11503
6.02805;1.78379
3.88707;1.79568
2.77862;1.02191
3.61237;1.10593
2.74207;1.17158
10.5563;1.46263
3.72134;0.960584
2.96084;1.52815
6.21046;0.914142
3.87683;1.10794
8.09456;1.70603
2.78394;1.10082
3.6608;2.85064
4.87624;7.26157
2.69062;1.3565
2.38491;1.04171
4.61067;0.967752
4.82815;0.985679
4.74743;0.992437
6.54062;1.20041
2.96325;1.34971
2.77652;0.992122
2.46478;1.0856
3.53975;2.0408
6.45282;5.28425
3.22845;1.92399
3.11278;1.03898
2.72832;0.965105
2.34892;1.05752
5.92898;6.83301
3.643;1.4588
2.80864;1.2438
2.49722;1.12801
3.52524;1.42009
2.75577;1.15649
2.49698;1.21201
3.42038;0.99006
2.20571;1.09737
3.14608;1.04852
3.44267;1.03645
3.85904;1.136
3.65483;1.43384
3.41443;1.34763
2.50616;1.25216
2.18237;0.996051
2.2054;1.04077
2.80901;1.00887
2.50699;0.897142
2.2555;0.948034
3.70377;1.23785
2.88461;1.42477
2.98945;1.0528
2.29812;1.35244
2.65763;1.05573
2.38551;3.10604
6.56898;1.33573
3.13617;1.81217
2.96371;1.28783
2.55167;0.947954
2.09402;0.915264
2.33282;2.65199
6.87009;1.22081
2.90146;1.75077
2.48134;1.08194
2.6301;1.06821
2.35976;1.27333
3.31297;1.18147
2.32553;0.962655
5.77162;1.59089
3.41219;1.49902
2.7399;1.29287
2.46097;1.00045
6.42992;7.24886
2.74777;1.29948
4.27987;1.01375
3.31375;1.14791
3.07612;1.39647
4.21881;1.97048
6.58957;1.30523
3.44198;1.3743
2.42578;1.01185
2.13063;0.987518
2.88189;0.979566
4.49067;3.07841
2.41715;0.977285
5.99719;1.45601
3.05111;1.11298
6.23756;1.72348
3.9086;1.02207
6.10671;1.03862
2.59808;3.55771
2.61931;1.06356
2.61192;1.18365
2.15673;1.01122
5.20453;1.27111
2.45706;1.22041
2.13324;1.28329
2.39985;1.17704
5.24334;0.928972
3.1822;7.02338
3.31413;1.22776
2.77568;1.27603
3.42996;1.79115
5.68372;6.00188
3.32014;1.30342
3.04444;1.69526
2.53193;1.15413
2.45692;0.995304
7.35888;2.295
3.23881;1.31758
2.87603;1.18488
2.38194;1.05037
2.45181;1.15841
2.86277;2.25159
2.703;1.07775
4.92738;1.00638
8.11968;1.19778
2.82176;1.43879
2.72599;1.13631
5.34485;1.20187
2.56432;0.986632
2.38325;1.09634
8.17049;1.13981
5.52212;2.40596
3.29664;1.02235
2.50876;1.00157
2.50384;0.965331
9.25887;1.17411
2.46942;1.21916
2.82768;1.08248
2.14538;1.07534
2.97517;1.53168
6.87816;0.91745
7.87331;1.5507
3.52425;1.36945
2.6259;1.17568
2.16666;1.26026
2.02281;1.02684
2.47189;0.941011
6.1332;4.78947
3.22298;1.22642
3.31199;1.07621
2.59073;1.11146
3.46517;1.59171
12.644;1.32227
3.89159;1.14905
2.42254;1.19233
2.55511;1.04666
2.56927;1.0518
2.79406;1.84258
2.89672;3.08735
7.83678;1.0966
2.80041;1.36883
3.163;1.00937
3.61292;1.0367
2.38551;1.09569
3.90443;1.23186
7.53758;1.41465
3.31091;1.02849
2.67297;1.00202
2.49155;1.42367
2.7299;1.25823
5.78471;1.09409
7.93021;1.52637
2.57069;1.20671
2.44718;0.932453
2.07138;1.14652
2.80851;1.03255
2.36776;1.01892
2.35861;1.27201
4.7361;5.92465
2.78719;1.32696
2.60649;1.5648
2.84098;1.18844
2.30869;1.21767
3.26874;1.69329
4.69265;1.02092
3.12051;1.10637
6.21512;1.1328
2.79772;1.53781
2.76232;1.32884
3.68331;4.5343
3.47014;5.55633
3.56923;1.10195
3.76119;1.16336
3.17333;1.12128
2.51703;1.23313
2.05789;0.985323
3.84183;6.81665
2.55099;1.40797
3.53891;1.21922
3.51619;1.76185
2.63136;1.03673
2.59879;1.22568
5.01815;1.34268
2.27901;1.05697
5.62039;1.09084
2.65703;1.29981
2.36355;1.10101
2.33084;0.932861
3.94609;1.00534
6.32136;5.26405
2.66439;1.21455
2.96823;1.37962
2.64906;1.21677
2.71726;1.158
2.41173;0.995541
8.49253;1.20691
2.80894;1.16401
2.62333;1.34877
2.86119;1.49293
3.81879;1.10943
5.59847;0.903858
2.60853;1.39544
9.23;1.39923
3.25486;1.40483
2.26545;1.3051
2.62577;1.36697
2.96729;1.25319
3.15953;1.02618
2.99953;5.15482
2.81929;0.917037
3.26674;1.22011
2.48451;1.11486
2.60967;1.02533
2.34578;1.00267
2.30164;1.28464
10.4302;1.2277
3.25728;1.08878
4.63981;1.47755
2.38431;1.20222
2.62666;1.03201
3.93323;0.998153
10.0785;1.07932
2.8139;1.38306
3.45856;0.976748
3.3079;1.55994
2.49948;1.16759
3.58831;6.3071
4.17877;1.81383
2.45759;1.15331
3.17226;1.09415
6.00896;1.04318
6.79833;1.46546
2.5139;1.27359
3.31757;1.10084
2.24256;1.06994
3.82323;1.82074
3.47144;0.919747
2.55597;1.01639
2.6287;0.966874
2.30049;6.15941
3.87385;1.69696
3.56785;1.31082
4.16011;1.16817
4.32359;1.49055
9.10937;1.14632
3.01063;1.34472
3.54377;1.32817
2.54961;2.56704
4.68145;1.01167
2.44832;0.982548
2.89918;0.96214
4.06844;1.44383
2.75421;1.16244
2.48298;1.9136
2.57133;1.48189
11.4951;1.57188
2.91945;1.2531
2.713;1.28274
2.46582;1.03761
8.4019;1.11008
4.38262;1.31615
2.59113;1.17244
2.55939;2.67819
8.6743;1.2192
4.25598;0.928063
2.2989;1.22786
2.36381;4.9737
7.6072;1.52513
2.77322;1.17343
3.56206;1.16406
2.35839;1.50352
3.61542;1.38052
2.18103;1.00278
9.51608;1.61046
3.74447;1.32892
2.52728;1.00392
2.37058;1.94361
2.38693;1.07894
4.31444;2.14148
7.82588;1.5049
3.70653;1.16832
2.63672;1.04712
3.03111;1.09186
2.44586;1.24243
5.5984;8.48174
2.59729;1.3607
2.74109;1.05023
2.01102;0.979536
3.18793;1.16551
2.82818;1.71005
2.74305;1.04903
2.44721;0.994072
2.19045;1.00979
7.64092;1.71554
2.44552;1.3392
2.55608;1.45483
2.2279;5.52877
4.00361;1.21201
2.23944;1.01152
2.09912;6.65412
2.80092;1.5982
4.07873;1.06027
2.65257;0.945772
4.79688;1.99947
8.21849;1.31149
4.13473;1.09227
2.34062;1.10213
2.58129;1.26777
2.67736;1.60319
2.32825;1.03659
2.09352;1.11103
2.4089;0.99505
2.34017;1.01399
6.45122;2.1914
3.57708;1.16958
3.71921;1.08219
2.59547;1.32066
6.21567;1.12684
8.2031;1.36726
3.33681;1.48124
3.8182;1.3309
4.21649;1.00863
3.89994;2.65649
5.97712;1.16138
2.55788;1.1399
2.15733;1.0358
2.20045;1.10064
2.35617;1.22438
7.03263;3.98415
6.80531;1.32161
3.7781;1.07002
2.74568;1.57389
2.52265;1.14507
6.33564;1.46923
8.03581;1.21621
2.93018;1.56633
2.44039;0.952041
3.93315;1.26997
7.46547;0.962273
5.0572;1.03272
2.64492;1.00047
2.35094;0.913299
2.5042;1.27122
2.96016;1.29998
3.13215;1.05505
3.88502;1.40731
5.15097;0.975226
3.15573;1.0157
4.9956;1.44094
3.40441;1.21816
2.97151;1.35338
2.58862;1.03034
2.32446;1.52685
2.35178;4.63249
4.99143;1.29101
4.00061;1.09315
2.59288;3.42458
2.65966;1.34875
3.45467;3.64514
8.74079;1.37279
3.97623;1.19485
2.41291;1.06822
2.71231;1.02004
2.61817;1.55069
2.64902;1.1617
5.2551;5.21284
3.27517;1.19573
3.05481;0.980934
2.45004;0.989284
2.52955;1.04842
2.4016;0.976173
7.21383;6.13642
2.59568;1.13029
3.18757;1.10856
2.94128;1.3576
2.49595;1.03502
4.70826;1.19064
7.40966;1.38528
4.42304;1.26854
3.2297;1.0591
2.32143;1.02619
4.63359;2.74951
7.29333;1.82938
3.36168;1.32804
2.53995;1.09061
2.17837;1.36563
2.86207;1.39037
3.6053;0.962069
11.4827;1.49615
3.58327;1.08788
2.23181;0.983809
2.99635;1.65621
4.84833;3.33538
7.36541;1.30072
3.03307;1.26449
3.5765;1.10561
2.49395;1.14002
3.72076;1.36591
3.11388;3.29975
8.07351;1.19916
2.97943;1.27369
5.64053;1.09064
2.88047;1.08158
2.89384;1.08251
2.3105;1.06052
4.44201;1.08888
2.47413;0.95426
6.02183;1.31156
2.34025;1.12424
3.31883;1.63425
3.31103;1.13033
5.51796;1.20168
5.82435;1.24751
3.04032;1.24439
2.46486;1.03387
2.4383;2.36293
2.201;0.987305
2.36251;1.39754
4.26385;1.30746
3.93789;1.08564
2.56412;1.32661
2.64383;1.17418
2.55559;1.18189
2.9683;1.18074
2.67579;1.03388
4.33553;4.96635
2.90975;1.4753
2.46537;1.04222
2.42326;1.07279
2.83161;1.86351
3.09759;1.09064
4.38353;5.28859
3.99324;1.45221
2.57182;1.0816
2.36798;0.947807
2.91946;1.19714
2.72953;1.01967
2.50789;1.2112
10.7271;1.35778
2.6194;1.12681
2.73631;1.76634
9.06942;1.23937
2.5546;1.15168
2.3601;1.61035
9.16146;1.32434
3.16246;1.42721
3.98217;1.02874
3.00352;1.54399
2.50615;1.08641
2.13105;3.3371
7.79527;1.5265
3.25575;1.96093
15.1825;1.179
3.92556;1.20446
4.63096;4.02883
7.76208;1.53273
2.79076;1.32046
2.47397;1.09922
6.00766;1.2839
11.9053;1.63061
2.78263;1.27839
2.98363;1.46218
2.87641;1.0321
2.32925;1.2463
13.0649;6.90786
3.15128;1.49445
3.66243;1.52215
3.94146;1.25738
2.5712;0.930044
2.00297;0.874197
7.70757;1.35898
3.22383;1.19116
2.68794;0.917191
6.40763;2.97181
8.74558;1.43177
2.95488;1.62036
2.8708;1.16145
2.21525;2.07263
2.67545;1.05719
1.81683;1.02399
16.9697;2.77827
4.02795;1.19177
3.09419;1.09013
2.29499;1.29122
6.41602;2.87559
5.10729;1.39048
3.98632;1.72452
3.23218;0.878655
2.48884;1.04023
5.13067;8.56982
2.52983;1.11142
3.57605;1.38477
6.12776;5.01906
7.61765;2.23807
12.841;1.11951
2.77469;1.17013
2.34462;1.17801
4.68865;4.55197
10.0277;1.19724
3.61602;1.96269
2.44173;1.15019
3.9129;4.38282
3.36848;1.14501
2.27054;1.06332
2.17089;1.10333
6.14011;1.95592
4.10496;0.980172
13.4144;4.54702
3.69793;1.22337
2.6141;5.52435
3.22005;1.17674
3.3288;1.17382
3.42781;1.10378
2.2873;3.6111
2.83276;5.5055
3.19554;1.21698
3.05707;1.37819
3.68771;1.20833
2.59592;1.05654
2.36763;1.02077
17.617;1.71138
2.70899;1.33526
2.58625;0.948451
2.23516;1.0816
2.33461;1.42315
2.31103;1.33222
7.85247;2.503
2.92739;1.3512
4.12985;1.08811
6.26263;7.3448
4.48882;1.47282
5.66;1.16759
2.14926;1.06066
3.21662;1.47439
10.1705;1.64452
2.40419;1.02008
2.41648;1.13791
4.74691;1.11166
3.22566;0.96846
2.21715;1.05215
3.12352;1.03876
2.6255;1.19133
2.53264;1.21281
2.12746;1.82967
3.5364;2.06363
14.0753;6.70322
2.90062;1.11975
2.85838;1.03263
2.70097;1.24348
5.63856;1.05672
5.02929;6.05215
3.27714;1.21704
2.96835;0.949054
2.72644;2.65897
11.1331;2.47549
3.2176;1.33895
2.38026;1.16447
2.35083;1.22326
3.23449;1.41333
2.81189;1.44891
18.0754;1.58799
3.3266;1.34554
2.26129;1.12229
3.87755;1.5304
3.09779;2.97557
5.65056;1.05791
5.60008;1.7183
3.04178;2.073
2.95896;0.960262
7.3885;2.67985
3.07894;1.70819
2.79099;1.10891
2.14551;2.04049
2.71317;5.02058
2.92469;3.24856
6.89099;12.1037
4.41186;1.27893
4.67289;2.59415
6.12101;0.981155
2.29606;1.07801
1.88823;1.09433
4.88312;1.23874
2.96145;1.00714
3.62322;1.57765
2.3211;0.949636
3.86073;1.02072
2.38688;0.866309
12.538;1.62131
3.10596;1.19973
2.77542;4.73377
4.03068;1.09674
6.89087;1.36884
10.2543;1.62012
2.81458;1.48734
7.38018;6.46959
3.2491;1.30939
2.66627;1.02158
2.06543;1.20184
2.19424;0.900039
2.30983;1.18053
3.15839;1.20791
14.2492;1.1384
3.12428;1.1324
3.65793;1.06162
2.40594;1.28559
1.76498;1.17184
2.28564;3.52028
5.14902;1.56454
2.58267;1.1887
2.38859;1.26645
4.004;1.51997
2.45615;0.918881
2.26124;1.07246
2.33532;1.03977
14.482;1.33594
2.62468;1.57534
2.56006;1.96233
3.38787;1.28268
2.33171;0.928743
2.34672;1.16026
8.21135;1.24315
3.76666;1.21372
2.2929;1.26875
2.91828;0.9479
4.52713;6.2817
3.30968;1.23476
3.3352;1.14523
2.33906;1.49602
14.7682;5.60405
3.53511;1.11135
4.14253;1.20264
2.48865;1.14175
2.59143;1.0392
3.28977;1.35362
2.56629;1.05873
8.50158;1.09793
2.95159;2.84715
4.27228;1.11234
2.51531;1.18678
3.73365;8.43665
2.94973;1.34519
12.5381;1.08801
9.20904;4.02119
6.32342;1.41823
2.72281;1.16715
3.00946;1.00614
2.48649;1.19389
5.95375;3.59866
7.44322;1.64264
2.4277;1.14287
2.78923;1.0814
2.90486;1.2137
2.29848;4.68543
2.39506;11.2329
2.42395;0.942529
5.41795;1.27117
2.23283;1.66292
3.15023;1.55723
3.42708;5.15735
8.14832;1.48485
4.68517;1.93237
2.63444;1.09396
8.17477;1.15692
9.4522;1.60151
2.96261;1.09665
2.36187;1.50248
2.34666;0.937546
7.37223;2.48452
8.4258;1.35371
13.3912;1.14261
3.65244;1.69184
7.23411;6.21817
2.76708;1.43627
2.51112;1.77841
3.78085;2.37038
2.33608;2.19194
6.44137;6.83545
2.84145;1.2984
3.60096;1.0437
2.41809;1.42755
4.07558;1.47616
13.7009;1.50814
3.00116;1.51746
12.5084;1.08882
2.84176;1.33561
4.247;0.936732
8.15989;1.47514
2.88331;1.44836
3.86312;1.12763
2.40872;1.23112
6.35649;7.0085
2.80493;1.21883
3.25635;1.08274
2.06417;0.890804
3.3048;1.65475
3.11993;1.09658
1.88841;1.09574
17.1578;1.48809
3.13895;1.5923
2.99079;1.25276
2.30024;4.70372
9.71553;1.28092
3.30229;1.69142
4.00234;1.49691
2.15039;1.1692
4.25769;1.07753
6.54222;5.36553
2.99582;1.05647
3.34243;1.10496
2.54734;2.50485
11.9852;1.22436
4.66;1.14983
2.356;1.05776
8.17641;1.24602
2.90578;1.36228
2.89182;1.70689
5.8513;0.958729
4.63013;6.45193
3.04543;1.28434
2.87102;1.03677
6.05185;1.14739
10.8039;1.39824
3.08467;1.52624
2.39584;1.00258
20.3669;1.5609
2.94184;1.34597
2.75566;1.16367
2.6243;1.3233
2.88399;0.982579
6.26886;5.81006
3.03355;1.203
2.31133;1.04818
2.32359;2.76709
3.28734;1.10279
5.9812;1.2064
7.18577;1.25005
2.47751;1.03025
11.1162;1.47113
4.52671;1.35821
13.4065;1.68225
4.38584;1.53463
2.23391;1.1489
2.15109;1.14337
2.39648;1.17082
2.77438;0.976846
2.86512;1.37135
2.36708;1.14789
8.57338;1.43886
3.35643;2.53187
3.47377;1.39409
2.37412;11.7495
7.91324;1.76847
4.02263;1.3877
3.67857;1.02512
5.56245;1.03004
2.34171;0.94656
2.57977;0.977565
6.88779;1.59303
4.31788;1.5032
2.72087;1.30404
2.71349;1.7051
4.13723;1.16455
2.38854;1.09302
6.32653;12.4468
2.86892;1.19272
3.59165;1.45392
3.26861;1.34803
4.07427;4.57333
4.7955;1.16817
3.50097;1.15061
3.06417;0.969358
7.12985;6.71152
3.92347;1.34412
3.18991;0.959565
2.4438;1.92798
2.61687;1.08601
3.04909;0.975228
17.0646;2.29356
4.20936;1.14997
2.833;1.36558
2.4295;0.974949
5.14825;1.12951
2.37995;0.92548
5.63071;1.11514
3.32539;1.09535
3.00074;1.189
2.59789;1.03086
2.53595;4.18205
8.16475;1.44092
2.85649;1.14723
2.97844;1.02425
15.2157;1.57322
5.70171;6.61394
3.994;1.31251
2.84251;1.44765
2.73365;1.00202
2.21577;1.09528
2.35707;9.65433
2.5148;1.13473
2.58176;1.21871
2.5962;1.26881
3.79576;1.63563
3.97732;6.21007
2.82333;1.2463
2.94083;1.2646
2.60551;1.19244
15.1616;3.74971
3.71618;1.41979
9.36559;1.94339
2.939;1.13144
3.44982;1.10059
3.8964;1.01624
2.38869;1.38311
2.51498;1.24195
8.67312;1.36755
2.76056;1.27067
3.21471;1.41769
2.73782;1.52717
6.4136;2.08832
2.58955;1.16703
15.9047;1.16304
4.15312;1.52195
4.23599;0.99018
2.59201;1.19826
10.0512;1.40258
4.46424;1.32327
4.56282;1.09779
2.42901;1.11119
11.2573;1.3365
2.68546;1.16681
3.28957;1.12356
3.58328;1.76435
4.73543;1.06936
3.24078;1.10128
2.43418;1.50484
3.86409;1.16975
6.97708;3.1709
8.65586;1.55756
4.33432;1.47127
4.04801;1.25214
4.62242;1.13203
3.98589;1.06791
2.459;1.09655
2.00962;1.00503
2.19049;0.957801
5.1987;1.07352
18.713;6.48081
2.84405;1.15244
5.56239;1.08343
2.24155;1.0263
5.14085;1.32117
3.15765;1.47575
3.31608;0.964396
2.90684;1.50834
3.08668;1.09106
3.55056;1.20478
3.77445;1.01312
3.5194;1.04986
8.90691;1.39933
3.87388;12.3051
3.63348;1.49935
2.85884;1.11336
2.39089;1.01061
9.29245;1.56618
2.59673;1.417
2.49079;1.28528
2.97773;1.2878
1.80864;1.02636
2.62102;1.08225
2.56764;1.03539
8.2087;1.51592
4.13624;1.85168
3.09728;1.02813
13.5865;3.27705
8.28814;1.41599
3.43114;1.32846
3.62764;1.11764
3.64211;1.15893
2.30999;0.921059
2.89222;0.96865
6.75303;1.45551
6.1277;0.994039
2.55426;1.17338
2.67805;1.22626
2.39136;1.31116
7.45064;14.2455
2.30319;1.10972
2.54222;1.16553
3.1087;2.82981
12.2258;3.81873
4.99176;1.33514
3.02053;1.30755
3.40052;1.33185
2.57462;1.14139
4.78507;1.12285
3.32687;0.953374
5.9125;4.19304
2.77044;1.19615
2.86235;1.16572
8.56;1.07836
6.39155;1.19733
2.62453;1.27166
18.6742;1.26902
2.86143;1.09217
6.21829;7.67718
3.25378;0.96811
2.75399;1.23644
2.62249;1.1185
8.67138;6.08955
2.81618;1.20233
2.83077;0.975738
2.5058;0.978884
3.66034;1.26087
2.35972;1.22535
17.3663;5.77367
4.94051;1.3253
2.42639;1.41818
4.45704;1.34505
3.69527;1.04866
1.98046;1.16136
7.0665;1.5617
4.37298;1.2888
2.47804;1.14796
2.232;4.3871
9.57516;1.25433
2.91904;1.26783
2.90099;1.14379
15.0164;1.65978
2.95313;0.967973
5.40727;1.05158
9.23247;1.50416
4.02873;0.953513
2.1165;1.1266
3.18067;1.00116
2.46839;1.00358
5.77978;1.01261
2.21835;1.11529
2.06795;1.03583
6.18154;1.34543
2.58847;1.38859
3.33361;1.22673
5.99855;2.99822
20.0622;1.90249
4.2052;0.967803
3.47319;0.949091
2.25843;1.21703
10.54;2.60199
2.569;2.58013
2.42119;1.15941
3.20003;1.31727
3.30353;4.03263
7.58413;1.15451
2.69645;1.69332
3.57855;1.12109
2.65988;1.12136
7.2653;7.89715
17.4155;1.28122
