normal;concurrent
6.83181;4.83509
11.0235;4.93125
5.83171;5.60093
7.31783;11.0669
6.35444;5.27203
6.58471;9.58102
9.83144;6.36555
7.37649;6.93827
6.85878;6.13972
9.87996;7.93684
8.35436;5.89766
7.01277;5.21422
9.31158;5.19707
7.59207;8.57149
9.14644;5.52417
7.15515;5.54033
7.21105;7.36988
8.53082;5.73923
9.75323;7.33201
7.81731;5.00603
10.8421;5.22036
8.16496;5.05666
8.22015;5.49607
9.97172;5.87197
9.11447;6.23489
7.36972;5.27181
6.33193;5.41716
10.8236;6.10802
8.83591;5.751
6.76167;7.92461
5.81921;10.6479
6.97849;4.90688
7.19572;5.6369
10.0413;7.78485
9.01551;10.8152
7.6309;5.17127
7.97565;9.60271
7.55961;5.11944
11.8592;7.47738
8.03219;7.52907
9.25873;6.74196
8.65202;4.74898
8.05998;5.1229
9.82038;5.95507
6.50839;5.33142
14.2381;5.67079
7.0272;4.91322
12.0732;5.56782
6.85924;4.94646
7.95411;6.65692
8.27435;5.5366
7.01795;5.27996
10.6566;6.53338
6.86495;5.93087
10.5741;5.28777
5.92735;4.95119
6.88656;5.68866
9.44796;5.54658
6.96521;5.44451
11.1658;5.33415
6.46738;5.36771
8.16651;6.06898
8.81029;5.04531
14.3089;6.2161
6.56229;5.17079
13.0259;5.45525
6.82538;7.81679
7.54845;5.2202
15.0828;5.01164
13.6368;6.68718
7.76608;5.5862
14.7234;5.66894
8.50584;6.25646
6.73785;5.20655
7.76028;6.13824
7.28481;6.53496
9.09421;8.46074
7.39566;4.58423
9.61925;5.82012
7.03212;5.69998
7.19221;5.87586
7.78699;5.23122
6.69038;6.07093
6.48539;7.57193
7.48116;5.81591
11.6723;5.7764
10.6446;8.03351
6.6187;5.90101
7.0494;5.76257
9.62609;5.85137
10.3176;5.58344
10.3967;5.9249
6.038;5.09931
6.99913;7.96469
11.8084;5.17849
8.12689;5.06545
7.15045;5.88964
5.53769;4.80448
8.69819;5.24818
8.46134;5.63957
9.11218;6.91425
6.74033;4.95727
8.06011;5.2004
6.70308;5.80475
12.702;6.47769
7.022;5.23604
9.71063;6.20439
7.8586;5.43588
8.06645;7.70479
8.11188;4.84217
8.52956;5.69268
8.43169;5.22303
7.16978;6.01861
10.6915;5.50753
8.34183;6.54793
10.8023;5.82356
6.87481;5.60939
6.85536;7.462
8.37873;5.04128
8.73129;6.0673
7.3529;5.96863
8.36001;6.40184
8.27975;4.92246
7.27214;6.42344
7.91454;5.03389
7.19491;4.9765
11.4539;5.7138
7.11222;6.03475
7.12193;6.64192
8.51826;5.37295
8.05455;5.39665
8.13047;6.00569
7.38286;4.81834
9.09768;6.72393
7.51011;8.91883
7.61153;6.06657
6.66933;6.81366
8.13851;6.86138
7.79331;5.22633
7.41496;5.46809
9.63941;5.6511
8.69975;5.18046
10.1078;6.32707
6.55645;5.58646
7.1784;5.38151
9.49782;4.99939
7.70912;7.48416
9.06347;5.40747
6.93597;5.1434
11.4455;5.03752
7.86689;6.19997
9.47345;6.32703
7.61891;5.64072
10.4686;5.51582
6.2263;4.98213
6.94979;7.36725
9.05655;5.05525
7.15637;10.7671
7.60611;5.37792
9.13469;5.19694
11.5281;5.22909
6.41655;5.59589
7.39082;5.29717
7.03629;7.09998
7.48302;5.45291
8.91803;8.8736
6.6901;4.77123
6.73286;8.27127
8.5966;5.45537
6.70574;5.77171
11.2167;5.8743
6.35053;5.21972
6.77883;5.74074
7.66412;5.07686
7.89608;6.31936
8.30889;6.67103
7.0717;5.40458
11.4902;5.43606
8.45211;5.50089
7.55545;5.68458
8.97459;5.08384
13.6103;5.84008
7.51626;7.28017
12.4738;5.46825
7.17579;5.36511
14.317;6.1004
7.00562;5.07212
8.08569;9.74267
6.87265;5.56507
6.70814;4.98855
7.23692;4.99567
7.51623;8.53477
9.72523;5.64877
8.73023;5.42563
8.49829;5.77595
8.55702;5.78459
8.11933;8.60873
7.49168;4.80822
7.80886;6.18224
7.5198;6.81911
7.02567;6.45947
11.5257;5.67082
8.16332;7.39636
8.11583;5.15008
7.20494;9.03229
7.46417;5.24125
7.66934;5.50861
10.046;4.93163
7.02088;5.95428
7.4916;5.57695
7.11096;5.58674
9.47887;8.49653
9.10527;5.42184
9.15484;7.44768
7.37321;4.99442
9.41963;5.4614
8.51634;5.28947
7.54139;7.45536
8.45579;5.50242
7.73609;6.72708
9.06478;5.25856
9.04055;5.12133
13.469;4.92453
6.60731;5.71694
8.95884;5.49285
8.50813;5.06578
8.9196;5.21108
7.19586;5.14541
7.67299;5.29137
5.68017;5.60476
11.2866;5.60836
8.43791;4.82945
5.97056;6.53884
7.18471;5.47573
10.1239;6.75414
9.17962;5.30973
8.14183;7.41254
7.91697;5.16599
8.26114;5.2375
8.56448;5.38967
6.54498;4.9326
13.0909;5.92318
7.82348;5.59091
14.0627;7.61227
6.82354;5.71293
10.3787;5.14638
6.94033;5.40035
7.17686;7.41223
7.44027;5.21967
10.5442;6.89041
6.76661;5.04525
9.30459;7.25011
6.95344;5.5732
7.76788;5.02354
10.1458;5.36066
10.1221;10.0782
8.5644;4.97294
7.48881;5.02026
9.11124;5.44203
8.30062;5.14077
6.79428;4.82086
7.63828;5.53872
7.95702;5.12304
15.2868;5.36083
6.64855;11.8608
17.2178;6.14715
12.726;6.20549
5.78915;5.34444
7.06426;5.33179
7.56764;5.0089
9.82205;6.53846
8.13528;4.95005
8.85635;6.08066
7.03624;5.82045
6.61293;5.13787
6.76383;6.15352
8.03173;5.33889
6.34232;5.44218
11.9766;5.86088
7.55741;7.25051
12.0399;5.19261
6.14296;5.78404
7.56906;6.614
8.20913;5.07637
8.11747;6.53378
9.31411;5.49226
10.0798;9.78793
6.76182;4.91735
10.9705;4.85167
11.9849;5.55831
7.32385;9.45919
7.32272;6.27835
8.98665;7.1608
6.63561;7.01345
28.0156;7.11058
8.53212;4.90813
8.64397;5.14765
7.46548;5.86058
20.6108;5.20193
11.9754;5.75705
7.40946;5.19425
6.79318;14.6066
7.65956;5.4975
9.72909;5.00669
9.22999;5.57745
17.76;6.29599
11.3152;5.74569
7.65899;6.5095
7.72341;17.5695
12.2135;5.83397
6.78032;5.78394
7.80701;4.90234
19.8665;5.65222
14.4848;5.48073
7.14436;5.84335
6.68722;17.6491
7.24136;5.96434
7.12297;5.05991
10.2012;5.64727
20.2993;6.77986
10.4298;5.26214
8.91155;5.90154
6.37342;7.98665
29.3602;5.50743
8.34612;5.04086
9.48569;5.98579
6.16394;19.416
7.34203;6.27497
8.43006;6.18189
7.84525;5.19017
23.2159;5.60493
9.19425;9.52282
8.39353;5.48694
7.24888;17.0318
9.13816;5.14476
6.71517;7.63529
7.7519;5.80596
22.9512;5.86024
6.50583;4.84329
7.62298;5.87389
10.1332;5.88153
23.0801;6.0304
7.73174;6.29324
10.8359;6.23131
6.03537;26.4314
5.69473;9.99728
6.55771;5.20131
9.42934;19.5245
8.64888;6.65646
7.90161;5.05851
8.96067;8.46276
30.7825;6.72497
10.3544;5.33292
6.92231;6.97483
8.17784;19.8749
5.8567;6.00778
7.31109;5.45143
7.97706;4.87872
20.8128;6.37174
7.78085;7.19212
7.56993;6.26111
7.31543;10.5445
21.4531;5.09464
15.8447;6.82304
8.15028;7.66431
25.0802;5.40808
7.16812;7.86669
6.98442;5.17825
10.4254;7.26079
25.8291;6.61253
9.86435;5.32289
8.07054;5.40723
7.14481;24.3301
7.84243;5.24296
12.5526;5.34891
8.36005;5.54463
29.2558;5.95348
7.71064;6.81637
8.95442;5.98273
8.22506;25.6495
8.09994;7.52909
11.5379;5.97537
15.2021;6.92024
6.44643;20.845
8.37457;7.8983
8.44478;5.14719
10.7906;19.9425
6.78885;5.06401
8.44932;5.83805
8.26611;5.25514
29.3257;5.82141
6.33746;6.3807
12.7965;5.64032
27.0651;5.16213
8.24856;5.89388
8.07052;6.69797
6.94316;23.8072
7.4361;5.84598
9.68456;7.91053
8.29024;6.3654
24.804;5.81692
10.9278;8.60815
7.79681;7.07558
8.29783;21.6926
15.5636;5.61951
7.68659;5.07946
9.3327;10.6589
9.52126;20.0271
7.36721;5.65845
8.47634;5.28566
6.58564;7.24133
22.5467;4.99829
12.5508;6.50977
9.15565;6.64587
21.8471;5.8265
7.32893;16.8765
9.06252;5.17292
11.1436;5.2944
21.5612;5.79251
12.333;4.89295
6.94926;5.77424
33.5729;5.49617
8.13207;5.49587
10.1323;5.52827
9.03109;6.09329
23.3969;6.11812
9.82705;5.22524
10.026;4.97017
15.7516;22.8527
7.02947;8.37768
7.21577;6.59545
7.48946;7.71105
23.8225;5.86562
6.67134;4.95988
8.69754;5.57273
7.03465;6.48409
26.4536;5.73072
6.33542;11.1656
8.4396;5.22743
8.20507;6.56083
22.337;5.01676
7.69961;6.3789
22.9666;7.27743
6.82335;5.79694
7.14454;6.28654
7.88652;5.56212
23.3111;6.17972
8.24268;10.8933
8.93748;6.10551
6.95199;27.7283
9.16847;4.73502
11.3288;5.155
8.21415;6.56724
23.7595;5.26248
6.28499;5.28547
9.57967;5.85752
6.59658;6.3555
25.2964;5.12912
6.80451;5.28353
8.77144;4.90196
7.25836;25.8383
7.40254;4.86123
13.0173;5.12852
6.4506;7.18577
26.0321;6.02425
7.07222;5.34275
10.5672;5.66407
7.43659;25.8886
8.73833;5.40871
8.15974;5.25387
8.2655;5.32164
14.7368;22.2156
10.0131;6.22899
9.22962;6.31782
8.80659;4.97459
25.436;6.95044
8.23233;6.17633
6.12367;5.72677
26.345;5.37239
7.01114;6.75895
7.93358;5.58843
9.60206;7.48625
25.265;5.08399
15.9679;6.02232
8.46603;6.00117
13.5883;20.6725
8.32767;5.86867
8.17355;4.89321
10.1235;6.29353
24.8823;5.79505
12.2785;5.47404
